25 20 -100 -95 usaW100N25D5.dat
30 20 -100 -90 usaW100N30D10.dat
30 25 -100 -95 usaW100N30D5.dat
35 25 -100 -90 usaW100N35D10.dat
35 30 -100 -95 usaW100N35D5.dat
40 30 -100 -90 usaW100N40D10.dat
40 35 -100 -95 usaW100N40D5.dat
45 35 -100 -90 usaW100N45D10.dat
45 40 -100 -95 usaW100N45D5.dat
50 40 -100 -90 usaW100N50D10.dat
50 45 -100 -95 usaW100N50D5.dat
25 20 -105 -100 usaW105N25D5.dat
30 20 -105 -95 usaW105N30D10.dat
30 25 -105 -100 usaW105N30D5.dat
35 25 -105 -95 usaW105N35D10.dat
35 30 -105 -100 usaW105N35D5.dat
40 30 -105 -95 usaW105N40D10.dat
40 20 -105 -85 usaW105N40D20.dat
40 35 -105 -100 usaW105N40D5.dat
45 35 -105 -95 usaW105N45D10.dat
45 40 -105 -100 usaW105N45D5.dat
50 40 -105 -95 usaW105N50D10.dat
50 30 -105 -85 usaW105N50D20.dat
50 20 -105 -75 usaW105N50D30.dat
50 45 -105 -100 usaW105N50D5.dat
25 20 -110 -105 usaW110N25D5.dat
30 20 -110 -100 usaW110N30D10.dat
30 25 -110 -105 usaW110N30D5.dat
35 25 -110 -100 usaW110N35D10.dat
35 30 -110 -105 usaW110N35D5.dat
40 30 -110 -100 usaW110N40D10.dat
40 35 -110 -105 usaW110N40D5.dat
45 35 -110 -100 usaW110N45D10.dat
45 40 -110 -105 usaW110N45D5.dat
50 40 -110 -100 usaW110N50D10.dat
50 45 -110 -105 usaW110N50D5.dat
25 20 -115 -110 usaW115N25D5.dat
30 20 -115 -105 usaW115N30D10.dat
30 25 -115 -110 usaW115N30D5.dat
35 25 -115 -105 usaW115N35D10.dat
35 30 -115 -110 usaW115N35D5.dat
40 30 -115 -105 usaW115N40D10.dat
40 20 -115 -95 usaW115N40D20.dat
40 35 -115 -110 usaW115N40D5.dat
45 35 -115 -105 usaW115N45D10.dat
45 40 -115 -110 usaW115N45D5.dat
50 40 -115 -105 usaW115N50D10.dat
50 30 -115 -95 usaW115N50D20.dat
50 20 -115 -85 usaW115N50D30.dat
50 45 -115 -110 usaW115N50D5.dat
25 20 -120 -115 usaW120N25D5.dat
30 20 -120 -110 usaW120N30D10.dat
30 25 -120 -115 usaW120N30D5.dat
35 25 -120 -110 usaW120N35D10.dat
35 30 -120 -115 usaW120N35D5.dat
40 30 -120 -110 usaW120N40D10.dat
40 35 -120 -115 usaW120N40D5.dat
45 35 -120 -110 usaW120N45D10.dat
45 40 -120 -115 usaW120N45D5.dat
50 40 -120 -110 usaW120N50D10.dat
50 45 -120 -115 usaW120N50D5.dat
25 20 -125 -120 usaW125N25D5.dat
30 20 -125 -115 usaW125N30D10.dat
30 25 -125 -120 usaW125N30D5.dat
35 25 -125 -115 usaW125N35D10.dat
35 30 -125 -120 usaW125N35D5.dat
40 30 -125 -115 usaW125N40D10.dat
40 20 -125 -105 usaW125N40D20.dat
40 35 -125 -120 usaW125N40D5.dat
45 35 -125 -115 usaW125N45D10.dat
45 40 -125 -120 usaW125N45D5.dat
50 40 -125 -115 usaW125N50D10.dat
50 30 -125 -105 usaW125N50D20.dat
50 20 -125 -95 usaW125N50D30.dat
50 45 -125 -120 usaW125N50D5.dat
50 20 -125 -65 usaW125N50D60.dat
50 0 -130 -50 usaW130N50D80.dat
25 20 -70 -65 usaW70N25D5.dat
30 20 -70 -60 usaW70N30D10.dat
30 25 -70 -65 usaW70N30D5.dat
35 25 -70 -60 usaW70N35D10.dat
35 30 -70 -65 usaW70N35D5.dat
40 30 -70 -60 usaW70N40D10.dat
40 35 -70 -65 usaW70N40D5.dat
45 35 -70 -60 usaW70N45D10.dat
45 40 -70 -65 usaW70N45D5.dat
50 40 -70 -60 usaW70N50D10.dat
50 45 -70 -65 usaW70N50D5.dat
25 20 -75 -70 usaW75N25D5.dat
30 20 -75 -65 usaW75N30D10.dat
30 25 -75 -70 usaW75N30D5.dat
35 25 -75 -65 usaW75N35D10.dat
35 30 -75 -70 usaW75N35D5.dat
40 30 -75 -65 usaW75N40D10.dat
40 35 -75 -70 usaW75N40D5.dat
45 35 -75 -65 usaW75N45D10.dat
45 40 -75 -70 usaW75N45D5.dat
50 40 -75 -65 usaW75N50D10.dat
50 45 -75 -70 usaW75N50D5.dat
25 20 -80 -75 usaW80N25D5.dat
30 20 -80 -70 usaW80N30D10.dat
30 25 -80 -75 usaW80N30D5.dat
35 25 -80 -70 usaW80N35D10.dat
35 30 -80 -75 usaW80N35D5.dat
40 30 -80 -70 usaW80N40D10.dat
40 35 -80 -75 usaW80N40D5.dat
45 35 -80 -70 usaW80N45D10.dat
45 40 -80 -75 usaW80N45D5.dat
50 40 -80 -70 usaW80N50D10.dat
50 45 -80 -75 usaW80N50D5.dat
25 20 -85 -80 usaW85N25D5.dat
30 20 -85 -75 usaW85N30D10.dat
30 25 -85 -80 usaW85N30D5.dat
35 25 -85 -75 usaW85N35D10.dat
35 30 -85 -80 usaW85N35D5.dat
40 30 -85 -75 usaW85N40D10.dat
40 20 -85 -65 usaW85N40D20.dat
40 35 -85 -80 usaW85N40D5.dat
45 35 -85 -75 usaW85N45D10.dat
45 40 -85 -80 usaW85N45D5.dat
50 40 -85 -75 usaW85N50D10.dat
50 30 -85 -65 usaW85N50D20.dat
50 20 -85 -55 usaW85N50D30.dat
50 45 -85 -80 usaW85N50D5.dat
25 20 -90 -85 usaW90N25D5.dat
30 20 -90 -80 usaW90N30D10.dat
30 25 -90 -85 usaW90N30D5.dat
35 25 -90 -80 usaW90N35D10.dat
35 30 -90 -85 usaW90N35D5.dat
40 30 -90 -80 usaW90N40D10.dat
40 35 -90 -85 usaW90N40D5.dat
45 35 -90 -80 usaW90N45D10.dat
45 40 -90 -85 usaW90N45D5.dat
50 40 -90 -80 usaW90N50D10.dat
50 45 -90 -85 usaW90N50D5.dat
25 20 -95 -90 usaW95N25D5.dat
30 20 -95 -85 usaW95N30D10.dat
30 25 -95 -90 usaW95N30D5.dat
35 25 -95 -85 usaW95N35D10.dat
35 30 -95 -90 usaW95N35D5.dat
40 30 -95 -85 usaW95N40D10.dat
40 20 -95 -75 usaW95N40D20.dat
40 35 -95 -90 usaW95N40D5.dat
45 35 -95 -85 usaW95N45D10.dat
45 40 -95 -90 usaW95N45D5.dat
50 40 -95 -85 usaW95N50D10.dat
50 30 -95 -75 usaW95N50D20.dat
50 20 -95 -65 usaW95N50D30.dat
50 45 -95 -90 usaW95N50D5.dat
